0	417	0.026122	128
1	626	0.026122	192
2	208	0.026122	64
3	261	0.026122	80
4	313	0.026122	96
5	261	0.026122	80
6	313	0.026122	96
7	261	0.026122	80
8	261	0.026122	80
9	261	0.026122	80
10	261	0.026122	80
11	261	0.026122	80
12	261	0.026122	80
13	208	0.026122	64
14	417	0.026122	128
15	417	0.026122	128
16	522	0.026122	160
17	731	0.026122	224
18	626	0.026122	192
19	731	0.026122	224
20	417	0.026122	128
21	417	0.026122	128
22	522	0.026122	160
23	835	0.026122	256
24	417	0.026122	128
25	522	0.026122	160
26	417	0.026122	128
27	417	0.026122	128
28	417	0.026122	128
29	417	0.026122	128
30	417	0.026122	128
31	417	0.026122	128
32	365	0.026122	112
33	417	0.026122	128
34	365	0.026122	112
35	365	0.026122	112
36	365	0.026122	112
37	365	0.026122	112
38	522	0.026122	160
39	626	0.026122	192
40	522	0.026122	160
41	365	0.026122	112
42	417	0.026122	128
43	522	0.026122	160
44	731	0.026122	224
45	417	0.026122	128
46	522	0.026122	160
47	417	0.026122	128
48	365	0.026122	112
49	417	0.026122	128
50	417	0.026122	128
51	417	0.026122	128
52	365	0.026122	112
53	365	0.026122	112
54	417	0.026122	128
55	365	0.026122	112
56	365	0.026122	112
57	365	0.026122	112
58	313	0.026122	96
59	365	0.026122	112
60	313	0.026122	96
61	313	0.026122	96
62	313	0.026122	96
63	313	0.026122	96
64	417	0.026122	128
65	626	0.026122	192
66	731	0.026122	224
67	417	0.026122	128
68	522	0.026122	160
69	417	0.026122	128
70	417	0.026122	128
71	417	0.026122	128
72	417	0.026122	128
73	417	0.026122	128
74	417	0.026122	128
75	365	0.026122	112
76	417	0.026122	128
77	365	0.026122	112
78	365	0.026122	112
79	313	0.026122	96
80	365	0.026122	112
81	365	0.026122	112
82	313	0.026122	96
83	313	0.026122	96
84	365	0.026122	112
85	313	0.026122	96
86	522	0.026122	160
87	835	0.026122	256
88	417	0.026122	128
89	835	0.026122	256
90	522	0.026122	160
91	417	0.026122	128
92	417	0.026122	128
93	417	0.026122	128
94	417	0.026122	128
95	365	0.026122	112
96	365	0.026122	112
97	365	0.026122	112
98	365	0.026122	112
99	313	0.026122	96
100	365	0.026122	112
101	313	0.026122	96
102	365	0.026122	112
103	313	0.026122	96
104	313	0.026122	96
105	313	0.026122	96
106	313	0.026122	96
107	417	0.026122	128
108	1044	0.026122	320
109	417	0.026122	128
110	522	0.026122	160
111	417	0.026122	128
112	417	0.026122	128
113	417	0.026122	128
114	417	0.026122	128
115	417	0.026122	128
116	417	0.026122	128
117	417	0.026122	128
118	365	0.026122	112
119	365	0.026122	112
120	365	0.026122	112
121	365	0.026122	112
122	313	0.026122	96
123	365	0.026122	112
124	365	0.026122	112
125	313	0.026122	96
126	313	0.026122	96
127	313	0.026122	96
128	417	0.026122	128
129	731	0.026122	224
130	417	0.026122	128
131	731	0.026122	224
132	417	0.026122	128
133	417	0.026122	128
134	417	0.026122	128
135	417	0.026122	128
136	365	0.026122	112
137	365	0.026122	112
138	365	0.026122	112
139	365	0.026122	112
140	365	0.026122	112
141	365	0.026122	112
142	313	0.026122	96
143	365	0.026122	112
144	313	0.026122	96
145	365	0.026122	112
146	313	0.026122	96
147	313	0.026122	96
148	313	0.026122	96
149	313	0.026122	96
150	313	0.026122	96
151	313	0.026122	96
152	313	0.026122	96
153	313	0.026122	96
154	313	0.026122	96
155	261	0.026122	80
156	313	0.026122	96
157	261	0.026122	80
158	261	0.026122	80
159	261	0.026122	80
160	313	0.026122	96
161	261	0.026122	80
162	313	0.026122	96
163	261	0.026122	80
164	261	0.026122	80
165	208	0.026122	64
166	261	0.026122	80
167	313	0.026122	96
168	261	0.026122	80
169	261	0.026122	80
170	261	0.026122	80
171	261	0.026122	80
172	208	0.026122	64
173	261	0.026122	80
174	261	0.026122	80
175	261	0.026122	80
176	261	0.026122	80
177	261	0.026122	80
178	261	0.026122	80
179	208	0.026122	64
180	261	0.026122	80
181	208	0.026122	64
182	208	0.026122	64
183	261	0.026122	80
184	208	0.026122	64
185	208	0.026122	64
186	365	0.026122	112
187	365	0.026122	112
188	626	0.026122	192
189	417	0.026122	128
190	626	0.026122	192
191	417	0.026122	128
192	417	0.026122	128
193	522	0.026122	160
194	835	0.026122	256
195	417	0.026122	128
196	417	0.026122	128
197	417	0.026122	128
198	417	0.026122	128
199	417	0.026122	128
200	417	0.026122	128
201	417	0.026122	128
202	365	0.026122	112
203	365	0.026122	112
204	417	0.026122	128
205	365	0.026122	112
206	365	0.026122	112
207	365	0.026122	112
208	365	0.026122	112
209	417	0.026122	128
210	731	0.026122	224
211	522	0.026122	160
212	417	0.026122	128
213	417	0.026122	128
214	365	0.026122	112
215	417	0.026122	128
216	731	0.026122	224
217	417	0.026122	128
218	522	0.026122	160
219	417	0.026122	128
220	417	0.026122	128
221	417	0.026122	128
222	417	0.026122	128
223	365	0.026122	112
224	365	0.026122	112
225	417	0.026122	128
226	365	0.026122	112
227	365	0.026122	112
228	313	0.026122	96
229	365	0.026122	112
230	365	0.026122	112
231	313	0.026122	96
232	313	0.026122	96
233	313	0.026122	96
234	365	0.026122	112
235	313	0.026122	96
236	417	0.026122	128
237	835	0.026122	256
238	522	0.026122	160
239	417	0.026122	128
240	417	0.026122	128
241	417	0.026122	128
242	522	0.026122	160
243	417	0.026122	128
244	365	0.026122	112
245	417	0.026122	128
246	365	0.026122	112
247	417	0.026122	128
248	365	0.026122	112
249	313	0.026122	96
250	365	0.026122	112
251	365	0.026122	112
252	313	0.026122	96
253	365	0.026122	112
254	313	0.026122	96
255	365	0.026122	112
256	626	0.026122	192
257	731	0.026122	224
258	417	0.026122	128
259	522	0.026122	160
260	417	0.026122	128
261	417	0.026122	128
262	417	0.026122	128
263	417	0.026122	128
264	417	0.026122	128
265	417	0.026122	128
266	365	0.026122	112
267	365	0.026122	112
268	313	0.026122	96
269	365	0.026122	112
270	365	0.026122	112
271	365	0.026122	112
272	313	0.026122	96
273	365	0.026122	112
274	313	0.026122	96
275	365	0.026122	112
276	313	0.026122	96
277	417	0.026122	128
278	835	0.026122	256
279	417	0.026122	128
280	522	0.026122	160
281	417	0.026122	128
282	522	0.026122	160
283	417	0.026122	128
284	417	0.026122	128
285	417	0.026122	128
286	365	0.026122	112
287	365	0.026122	112
288	365	0.026122	112
289	365	0.026122	112
290	365	0.026122	112
291	313	0.026122	96
292	365	0.026122	112
293	313	0.026122	96
294	365	0.026122	112
295	313	0.026122	96
296	365	0.026122	112
297	522	0.026122	160
298	731	0.026122	224
299	522	0.026122	160
300	522	0.026122	160
301	417	0.026122	128
302	417	0.026122	128
303	417	0.026122	128
304	417	0.026122	128
305	365	0.026122	112
306	365	0.026122	112
307	417	0.026122	128
308	313	0.026122	96
309	365	0.026122	112
310	365	0.026122	112
311	365	0.026122	112
312	313	0.026122	96
313	313	0.026122	96
314	365	0.026122	112
315	313	0.026122	96
316	313	0.026122	96
317	417	0.026122	128
318	626	0.026122	192
319	522	0.026122	160
320	731	0.026122	224
321	417	0.026122	128
322	417	0.026122	128
323	417	0.026122	128
324	417	0.026122	128
325	417	0.026122	128
326	417	0.026122	128
327	417	0.026122	128
328	365	0.026122	112
329	365	0.026122	112
330	365	0.026122	112
331	365	0.026122	112
332	365	0.026122	112
333	313	0.026122	96
334	365	0.026122	112
335	313	0.026122	96
336	365	0.026122	112
337	522	0.026122	160
338	731	0.026122	224
339	417	0.026122	128
340	417	0.026122	128
341	522	0.026122	160
342	417	0.026122	128
343	417	0.026122	128
344	417	0.026122	128
345	417	0.026122	128
346	417	0.026122	128
347	365	0.026122	112
348	365	0.026122	112
349	365	0.026122	112
350	365	0.026122	112
351	626	0.026122	192
352	417	0.026122	128
353	417	0.026122	128
354	417	0.026122	128
355	365	0.026122	112
356	626	0.026122	192
357	417	0.026122	128
358	522	0.026122	160
359	417	0.026122	128
360	417	0.026122	128
361	417	0.026122	128
362	417	0.026122	128
363	417	0.026122	128
364	417	0.026122	128
365	365	0.026122	112
366	417	0.026122	128
367	417	0.026122	128
368	417	0.026122	128
369	522	0.026122	160
370	417	0.026122	128
371	626	0.026122	192
372	417	0.026122	128
373	417	0.026122	128
374	522	0.026122	160
375	417	0.026122	128
376	417	0.026122	128
377	522	0.026122	160
378	417	0.026122	128
379	522	0.026122	160
380	417	0.026122	128
381	417	0.026122	128
382	417	0.026122	128
383	417	0.026122	128
384	417	0.026122	128
385	417	0.026122	128
386	417	0.026122	128
387	522	0.026122	160
388	522	0.026122	160
389	417	0.026122	128
390	522	0.026122	160
391	417	0.026122	128
392	417	0.026122	128
393	417	0.026122	128
394	522	0.026122	160
395	417	0.026122	128
396	417	0.026122	128
397	731	0.026122	224
398	417	0.026122	128
399	417	0.026122	128
400	522	0.026122	160
401	417	0.026122	128
402	417	0.026122	128
403	417	0.026122	128
404	417	0.026122	128
405	522	0.026122	160
406	417	0.026122	128
407	417	0.026122	128
408	522	0.026122	160
409	417	0.026122	128
410	417	0.026122	128
411	417	0.026122	128
412	417	0.026122	128
413	522	0.026122	160
414	417	0.026122	128
415	626	0.026122	192
416	417	0.026122	128
417	522	0.026122	160
418	417	0.026122	128
419	417	0.026122	128
420	522	0.026122	160
421	417	0.026122	128
422	417	0.026122	128
423	417	0.026122	128
424	731	0.026122	224
425	417	0.026122	128
426	417	0.026122	128
427	522	0.026122	160
428	626	0.026122	192
429	626	0.026122	192
430	522	0.026122	160
431	417	0.026122	128
432	522	0.026122	160
433	417	0.026122	128
434	417	0.026122	128
435	835	0.026122	256
436	417	0.026122	128
437	522	0.026122	160
438	417	0.026122	128
439	417	0.026122	128
440	417	0.026122	128
441	417	0.026122	128
442	417	0.026122	128
443	417	0.026122	128
444	522	0.026122	160
445	417	0.026122	128
446	417	0.026122	128
447	417	0.026122	128
448	522	0.026122	160
449	417	0.026122	128
450	417	0.026122	128
451	417	0.026122	128
452	417	0.026122	128
453	522	0.026122	160
454	522	0.026122	160
455	417	0.026122	128
456	522	0.026122	160
457	417	0.026122	128
458	417	0.026122	128
459	417	0.026122	128
460	417	0.026122	128
461	417	0.026122	128
462	417	0.026122	128
463	522	0.026122	160
464	835	0.026122	256
465	522	0.026122	160
466	731	0.026122	224
467	417	0.026122	128
468	417	0.026122	128
469	522	0.026122	160
470	417	0.026122	128
471	522	0.026122	160
472	417	0.026122	128
473	731	0.026122	224
474	417	0.026122	128
475	522	0.026122	160
476	417	0.026122	128
477	417	0.026122	128
478	417	0.026122	128
479	522	0.026122	160
480	417	0.026122	128
481	417	0.026122	128
482	626	0.026122	192
483	417	0.026122	128
484	522	0.026122	160
485	417	0.026122	128
486	417	0.026122	128
487	417	0.026122	128
488	522	0.026122	160
489	417	0.026122	128
490	417	0.026122	128
491	417	0.026122	128
492	835	0.026122	256
493	522	0.026122	160
494	835	0.026122	256
495	522	0.026122	160
496	417	0.026122	128
497	417	0.026122	128
498	417	0.026122	128
499	417	0.026122	128
500	731	0.026122	224
501	417	0.026122	128
502	522	0.026122	160
503	417	0.026122	128
504	365	0.026122	112
505	417	0.026122	128
506	417	0.026122	128
507	522	0.026122	160
508	417	0.026122	128
509	522	0.026122	160
510	522	0.026122	160
511	522	0.026122	160
512	417	0.026122	128
513	417	0.026122	128
514	417	0.026122	128
515	417	0.026122	128
516	522	0.026122	160
517	417	0.026122	128
518	522	0.026122	160
519	417	0.026122	128
520	522	0.026122	160
521	417	0.026122	128
522	417	0.026122	128
523	522	0.026122	160
524	417	0.026122	128
525	522	0.026122	160
526	417	0.026122	128
527	417	0.026122	128
528	417	0.026122	128
529	417	0.026122	128
530	417	0.026122	128
531	522	0.026122	160
532	417	0.026122	128
533	417	0.026122	128
534	522	0.026122	160
535	417	0.026122	128
536	417	0.026122	128
537	417	0.026122	128
538	522	0.026122	160
539	417	0.026122	128
540	417	0.026122	128
541	417	0.026122	128
542	417	0.026122	128
543	522	0.026122	160
544	417	0.026122	128
545	417	0.026122	128
546	417	0.026122	128
547	417	0.026122	128
548	417	0.026122	128
549	522	0.026122	160
550	365	0.026122	112
551	417	0.026122	128
552	417	0.026122	128
553	417	0.026122	128
554	417	0.026122	128
555	417	0.026122	128
556	522	0.026122	160
557	417	0.026122	128
558	417	0.026122	128
559	522	0.026122	160
560	417	0.026122	128
561	417	0.026122	128
562	522	0.026122	160
563	417	0.026122	128
564	417	0.026122	128
565	417	0.026122	128
566	417	0.026122	128
567	522	0.026122	160
568	417	0.026122	128
569	417	0.026122	128
570	417	0.026122	128
571	417	0.026122	128
572	417	0.026122	128
573	417	0.026122	128
574	522	0.026122	160
575	417	0.026122	128
576	417	0.026122	128
577	522	0.026122	160
578	417	0.026122	128
579	522	0.026122	160
580	417	0.026122	128
581	417	0.026122	128
582	417	0.026122	128
583	417	0.026122	128
584	417	0.026122	128
585	417	0.026122	128
586	417	0.026122	128
587	522	0.026122	160
588	522	0.026122	160
589	417	0.026122	128
590	417	0.026122	128
591	417	0.026122	128
592	417	0.026122	128
593	417	0.026122	128
594	417	0.026122	128
595	417	0.026122	128
596	417	0.026122	128
597	522	0.026122	160
598	417	0.026122	128
599	522	0.026122	160
600	417	0.026122	128
601	417	0.026122	128
602	417	0.026122	128
603	522	0.026122	160
604	417	0.026122	128
605	626	0.026122	192
606	522	0.026122	160
607	417	0.026122	128
608	835	0.026122	256
609	522	0.026122	160
610	522	0.026122	160
611	417	0.026122	128
612	417	0.026122	128
613	417	0.026122	128
614	365	0.026122	112
615	417	0.026122	128
616	417	0.026122	128
617	522	0.026122	160
618	417	0.026122	128
619	417	0.026122	128
620	522	0.026122	160
621	417	0.026122	128
622	417	0.026122	128
623	417	0.026122	128
624	417	0.026122	128
625	417	0.026122	128
626	417	0.026122	128
627	417	0.026122	128
628	522	0.026122	160
629	365	0.026122	112
630	417	0.026122	128
631	365	0.026122	112
632	365	0.026122	112
633	365	0.026122	112
634	417	0.026122	128
635	731	0.026122	224
636	417	0.026122	128
637	626	0.026122	192
638	417	0.026122	128
639	417	0.026122	128
640	522	0.026122	160
641	417	0.026122	128
642	417	0.026122	128
643	417	0.026122	128
644	522	0.026122	160
645	417	0.026122	128
646	417	0.026122	128
647	417	0.026122	128
648	417	0.026122	128
649	417	0.026122	128
650	626	0.026122	192
651	522	0.026122	160
652	417	0.026122	128
653	417	0.026122	128
654	522	0.026122	160
655	522	0.026122	160
656	417	0.026122	128
657	417	0.026122	128
658	522	0.026122	160
659	417	0.026122	128
660	417	0.026122	128
661	522	0.026122	160
662	417	0.026122	128
663	417	0.026122	128
664	417	0.026122	128
665	417	0.026122	128
666	522	0.026122	160
667	417	0.026122	128
668	417	0.026122	128
669	522	0.026122	160
670	417	0.026122	128
671	522	0.026122	160
672	417	0.026122	128
673	417	0.026122	128
674	522	0.026122	160
675	417	0.026122	128
676	417	0.026122	128
677	417	0.026122	128
678	417	0.026122	128
679	417	0.026122	128
680	522	0.026122	160
681	417	0.026122	128
682	417	0.026122	128
683	417	0.026122	128
684	522	0.026122	160
685	522	0.026122	160
686	417	0.026122	128
687	522	0.026122	160
688	417	0.026122	128
689	522	0.026122	160
690	417	0.026122	128
691	417	0.026122	128
692	417	0.026122	128
693	522	0.026122	160
694	417	0.026122	128
695	522	0.026122	160
696	417	0.026122	128
697	417	0.026122	128
698	417	0.026122	128
699	522	0.026122	160
700	417	0.026122	128
701	417	0.026122	128
702	417	0.026122	128
703	522	0.026122	160
704	417	0.026122	128
705	417	0.026122	128
706	417	0.026122	128
707	522	0.026122	160
708	417	0.026122	128
709	417	0.026122	128
710	417	0.026122	128
711	417	0.026122	128
712	417	0.026122	128
713	417	0.026122	128
714	522	0.026122	160
715	417	0.026122	128
716	522	0.026122	160
717	417	0.026122	128
718	417	0.026122	128
719	522	0.026122	160
720	417	0.026122	128
721	417	0.026122	128
722	417	0.026122	128
723	417	0.026122	128
724	417	0.026122	128
725	522	0.026122	160
726	417	0.026122	128
727	522	0.026122	160
728	417	0.026122	128
729	522	0.026122	160
730	417	0.026122	128
731	522	0.026122	160
732	417	0.026122	128
733	522	0.026122	160
734	417	0.026122	128
735	417	0.026122	128
736	417	0.026122	128
737	417	0.026122	128
738	417	0.026122	128
739	417	0.026122	128
740	522	0.026122	160
741	522	0.026122	160
742	417	0.026122	128
743	417	0.026122	128
744	417	0.026122	128
745	522	0.026122	160
746	417	0.026122	128
747	522	0.026122	160
748	417	0.026122	128
749	417	0.026122	128
750	417	0.026122	128
751	417	0.026122	128
752	522	0.026122	160
753	417	0.026122	128
754	417	0.026122	128
755	522	0.026122	160
756	417	0.026122	128
757	417	0.026122	128
758	417	0.026122	128
759	522	0.026122	160
760	417	0.026122	128
761	417	0.026122	128
762	417	0.026122	128
763	522	0.026122	160
764	522	0.026122	160
765	417	0.026122	128
766	417	0.026122	128
767	417	0.026122	128
768	417	0.026122	128
769	522	0.026122	160
770	417	0.026122	128
771	417	0.026122	128
772	417	0.026122	128
773	522	0.026122	160
774	417	0.026122	128
775	417	0.026122	128
776	417	0.026122	128
777	417	0.026122	128
778	417	0.026122	128
779	417	0.026122	128
780	417	0.026122	128
781	417	0.026122	128
782	365	0.026122	112
783	417	0.026122	128
784	365	0.026122	112
785	417	0.026122	128
786	417	0.026122	128
787	365	0.026122	112
788	417	0.026122	128
789	417	0.026122	128
790	417	0.026122	128
791	417	0.026122	128
792	522	0.026122	160
793	522	0.026122	160
794	417	0.026122	128
795	522	0.026122	160
796	417	0.026122	128
797	522	0.026122	160
798	417	0.026122	128
799	417	0.026122	128
800	417	0.026122	128
801	417	0.026122	128
802	417	0.026122	128
803	417	0.026122	128
804	626	0.026122	192
805	522	0.026122	160
806	417	0.026122	128
807	417	0.026122	128
808	522	0.026122	160
809	417	0.026122	128
810	417	0.026122	128
811	417	0.026122	128
812	522	0.026122	160
813	417	0.026122	128
814	417	0.026122	128
815	417	0.026122	128
816	417	0.026122	128
817	417	0.026122	128
818	417	0.026122	128
819	522	0.026122	160
820	417	0.026122	128
821	417	0.026122	128
822	417	0.026122	128
823	522	0.026122	160
824	417	0.026122	128
825	417	0.026122	128
826	417	0.026122	128
827	417	0.026122	128
828	417	0.026122	128
829	522	0.026122	160
830	522	0.026122	160
831	417	0.026122	128
832	522	0.026122	160
833	417	0.026122	128
834	417	0.026122	128
835	522	0.026122	160
836	417	0.026122	128
837	522	0.026122	160
838	417	0.026122	128
839	522	0.026122	160
840	417	0.026122	128
841	417	0.026122	128
842	522	0.026122	160
843	417	0.026122	128
844	522	0.026122	160
845	417	0.026122	128
846	417	0.026122	128
847	522	0.026122	160
848	417	0.026122	128
849	417	0.026122	128
850	417	0.026122	128
851	417	0.026122	128
852	417	0.026122	128
853	522	0.026122	160
854	417	0.026122	128
855	417	0.026122	128
856	417	0.026122	128
857	522	0.026122	160
858	417	0.026122	128
859	417	0.026122	128
860	522	0.026122	160
861	417	0.026122	128
862	417	0.026122	128
863	417	0.026122	128
864	522	0.026122	160
865	417	0.026122	128
866	417	0.026122	128
867	417	0.026122	128
868	522	0.026122	160
869	417	0.026122	128
870	417	0.026122	128
871	417	0.026122	128
872	522	0.026122	160
873	417	0.026122	128
874	417	0.026122	128
875	522	0.026122	160
876	417	0.026122	128
877	417	0.026122	128
878	417	0.026122	128
879	522	0.026122	160
880	417	0.026122	128
881	417	0.026122	128
882	417	0.026122	128
883	522	0.026122	160
884	626	0.026122	192
885	417	0.026122	128
886	522	0.026122	160
887	417	0.026122	128
888	417	0.026122	128
889	417	0.026122	128
890	522	0.026122	160
891	417	0.026122	128
892	417	0.026122	128
893	417	0.026122	128
894	522	0.026122	160
895	417	0.026122	128
896	417	0.026122	128
897	417	0.026122	128
898	522	0.026122	160
899	417	0.026122	128
900	522	0.026122	160
901	417	0.026122	128
902	417	0.026122	128
903	522	0.026122	160
904	417	0.026122	128
905	417	0.026122	128
906	522	0.026122	160
907	417	0.026122	128
908	417	0.026122	128
909	417	0.026122	128
910	417	0.026122	128
911	417	0.026122	128
912	522	0.026122	160
913	417	0.026122	128
914	417	0.026122	128
915	522	0.026122	160
916	417	0.026122	128
917	522	0.026122	160
918	417	0.026122	128
919	417	0.026122	128
920	417	0.026122	128
921	417	0.026122	128
922	417	0.026122	128
923	522	0.026122	160
924	417	0.026122	128
925	522	0.026122	160
926	417	0.026122	128
927	417	0.026122	128
928	417	0.026122	128
929	417	0.026122	128
930	522	0.026122	160
931	417	0.026122	128
932	522	0.026122	160
933	417	0.026122	128
934	522	0.026122	160
935	417	0.026122	128
936	417	0.026122	128
937	417	0.026122	128
938	417	0.026122	128
939	417	0.026122	128
940	417	0.026122	128
941	417	0.026122	128
942	522	0.026122	160
943	417	0.026122	128
944	417	0.026122	128
945	522	0.026122	160
946	417	0.026122	128
947	417	0.026122	128
948	522	0.026122	160
949	417	0.026122	128
950	417	0.026122	128
951	522	0.026122	160
952	417	0.026122	128
953	417	0.026122	128
954	522	0.026122	160
955	417	0.026122	128
956	417	0.026122	128
957	522	0.026122	160
958	417	0.026122	128
959	417	0.026122	128
960	417	0.026122	128
961	417	0.026122	128
962	522	0.026122	160
963	417	0.026122	128
964	417	0.026122	128
965	522	0.026122	160
966	417	0.026122	128
967	522	0.026122	160
968	417	0.026122	128
969	417	0.026122	128
970	522	0.026122	160
971	417	0.026122	128
972	417	0.026122	128
973	626	0.026122	192
974	522	0.026122	160
975	417	0.026122	128
976	522	0.026122	160
977	417	0.026122	128
978	522	0.026122	160
979	417	0.026122	128
980	417	0.026122	128
981	417	0.026122	128
982	417	0.026122	128
983	417	0.026122	128
984	522	0.026122	160
985	522	0.026122	160
986	417	0.026122	128
987	417	0.026122	128
988	522	0.026122	160
989	365	0.026122	112
990	417	0.026122	128
991	417	0.026122	128
992	522	0.026122	160
993	417	0.026122	128
994	522	0.026122	160
995	522	0.026122	160
996	417	0.026122	128
997	522	0.026122	160
998	417	0.026122	128
999	522	0.026122	160
1000	417	0.026122	128
1001	417	0.026122	128
1002	417	0.026122	128
1003	522	0.026122	160
1004	417	0.026122	128
1005	417	0.026122	128
1006	522	0.026122	160
1007	417	0.026122	128
1008	417	0.026122	128
1009	522	0.026122	160
1010	417	0.026122	128
1011	417	0.026122	128
1012	522	0.026122	160
1013	417	0.026122	128
1014	417	0.026122	128
1015	417	0.026122	128
1016	417	0.026122	128
1017	522	0.026122	160
1018	417	0.026122	128
1019	417	0.026122	128
1020	417	0.026122	128
1021	417	0.026122	128
1022	522	0.026122	160
1023	417	0.026122	128
1024	417	0.026122	128
1025	417	0.026122	128
1026	522	0.026122	160
1027	417	0.026122	128
1028	417	0.026122	128
1029	417	0.026122	128
1030	417	0.026122	128
1031	417	0.026122	128
1032	417	0.026122	128
1033	522	0.026122	160
1034	417	0.026122	128
1035	417	0.026122	128
1036	417	0.026122	128
1037	417	0.026122	128
1038	417	0.026122	128
1039	522	0.026122	160
1040	417	0.026122	128
1041	522	0.026122	160
1042	417	0.026122	128
1043	417	0.026122	128
1044	417	0.026122	128
1045	522	0.026122	160
1046	417	0.026122	128
1047	522	0.026122	160
1048	417	0.026122	128
1049	417	0.026122	128
1050	417	0.026122	128
1051	522	0.026122	160
1052	417	0.026122	128
1053	417	0.026122	128
1054	417	0.026122	128
1055	417	0.026122	128
1056	417	0.026122	128
1057	522	0.026122	160
1058	417	0.026122	128
1059	417	0.026122	128
1060	417	0.026122	128
1061	522	0.026122	160
1062	417	0.026122	128
1063	417	0.026122	128
1064	417	0.026122	128
1065	522	0.026122	160
1066	417	0.026122	128
1067	522	0.026122	160
1068	417	0.026122	128
1069	417	0.026122	128
1070	522	0.026122	160
1071	417	0.026122	128
1072	417	0.026122	128
1073	417	0.026122	128
1074	417	0.026122	128
1075	417	0.026122	128
1076	522	0.026122	160
1077	417	0.026122	128
1078	522	0.026122	160
1079	417	0.026122	128
1080	417	0.026122	128
1081	417	0.026122	128
1082	522	0.026122	160
1083	417	0.026122	128
1084	522	0.026122	160
1085	522	0.026122	160
1086	417	0.026122	128
1087	417	0.026122	128
1088	417	0.026122	128
1089	365	0.026122	112
1090	417	0.026122	128
1091	417	0.026122	128
1092	417	0.026122	128
1093	417	0.026122	128
1094	417	0.026122	128
1095	417	0.026122	128
1096	522	0.026122	160
1097	417	0.026122	128
1098	417	0.026122	128
1099	522	0.026122	160
1100	417	0.026122	128
1101	522	0.026122	160
1102	417	0.026122	128
1103	417	0.026122	128
1104	522	0.026122	160
1105	417	0.026122	128
1106	731	0.026122	224
1107	522	0.026122	160
1108	522	0.026122	160
1109	417	0.026122	128
1110	417	0.026122	128
1111	417	0.026122	128
1112	417	0.026122	128
1113	417	0.026122	128
1114	417	0.026122	128
1115	417	0.026122	128
1116	417	0.026122	128
1117	417	0.026122	128
1118	522	0.026122	160
1119	417	0.026122	128
1120	417	0.026122	128
1121	522	0.026122	160
1122	522	0.026122	160
1123	417	0.026122	128
1124	417	0.026122	128
1125	417	0.026122	128
1126	522	0.026122	160
1127	417	0.026122	128
1128	417	0.026122	128
1129	522	0.026122	160
1130	417	0.026122	128
1131	417	0.026122	128
1132	417	0.026122	128
1133	522	0.026122	160
1134	417	0.026122	128
1135	417	0.026122	128
1136	417	0.026122	128
1137	522	0.026122	160
1138	417	0.026122	128
1139	417	0.026122	128
1140	522	0.026122	160
1141	417	0.026122	128
1142	417	0.026122	128
1143	417	0.026122	128
1144	417	0.026122	128
1145	417	0.026122	128
1146	417	0.026122	128
1147	522	0.026122	160
1148	417	0.026122	128
1149	417	0.026122	128
1150	417	0.026122	128
1151	522	0.026122	160
1152	417	0.026122	128
1153	417	0.026122	128
1154	522	0.026122	160
1155	417	0.026122	128
1156	417	0.026122	128
1157	417	0.026122	128
1158	417	0.026122	128
1159	417	0.026122	128
1160	417	0.026122	128
1161	626	0.026122	192
1162	417	0.026122	128
1163	522	0.026122	160
1164	417	0.026122	128
1165	417	0.026122	128
1166	417	0.026122	128
1167	417	0.026122	128
1168	522	0.026122	160
1169	417	0.026122	128
1170	522	0.026122	160
1171	417	0.026122	128
1172	417	0.026122	128
1173	417	0.026122	128
1174	417	0.026122	128
1175	522	0.026122	160
1176	417	0.026122	128
1177	417	0.026122	128
1178	417	0.026122	128
1179	522	0.026122	160
1180	417	0.026122	128
1181	417	0.026122	128
1182	417	0.026122	128
1183	522	0.026122	160
1184	417	0.026122	128
1185	417	0.026122	128
1186	417	0.026122	128
1187	522	0.026122	160
1188	417	0.026122	128
1189	522	0.026122	160
1190	522	0.026122	160
1191	417	0.026122	128
1192	417	0.026122	128
1193	522	0.026122	160
1194	417	0.026122	128
1195	417	0.026122	128
1196	417	0.026122	128
1197	417	0.026122	128
1198	522	0.026122	160
1199	417	0.026122	128
1200	417	0.026122	128
1201	522	0.026122	160
1202	417	0.026122	128
1203	417	0.026122	128
1204	417	0.026122	128
1205	417	0.026122	128
1206	417	0.026122	128
1207	522	0.026122	160
1208	417	0.026122	128
1209	417	0.026122	128
1210	417	0.026122	128
1211	417	0.026122	128
1212	522	0.026122	160
1213	417	0.026122	128
1214	417	0.026122	128
1215	522	0.026122	160
1216	417	0.026122	128
1217	522	0.026122	160
1218	365	0.026122	112
1219	417	0.026122	128
1220	417	0.026122	128
1221	417	0.026122	128
1222	417	0.026122	128
1223	522	0.026122	160
1224	417	0.026122	128
1225	417	0.026122	128
1226	522	0.026122	160
1227	417	0.026122	128
1228	417	0.026122	128
1229	522	0.026122	160
1230	417	0.026122	128
1231	417	0.026122	128
1232	522	0.026122	160
1233	417	0.026122	128
1234	417	0.026122	128
1235	522	0.026122	160
1236	417	0.026122	128
1237	417	0.026122	128
1238	522	0.026122	160
1239	522	0.026122	160
1240	417	0.026122	128
1241	522	0.026122	160
1242	522	0.026122	160
1243	417	0.026122	128
1244	417	0.026122	128
1245	522	0.026122	160
1246	417	0.026122	128
1247	417	0.026122	128
1248	522	0.026122	160
1249	417	0.026122	128
1250	417	0.026122	128
1251	417	0.026122	128
1252	417	0.026122	128
1253	417	0.026122	128
1254	417	0.026122	128
1255	417	0.026122	128
1256	417	0.026122	128
1257	731	0.026122	224
1258	417	0.026122	128
1259	731	0.026122	224
1260	417	0.026122	128
1261	417	0.026122	128
1262	417	0.026122	128
1263	417	0.026122	128
1264	417	0.026122	128
1265	417	0.026122	128
1266	417	0.026122	128
1267	417	0.026122	128
1268	417	0.026122	128
1269	417	0.026122	128
1270	365	0.026122	112
1271	417	0.026122	128
1272	417	0.026122	128
1273	417	0.026122	128
1274	365	0.026122	112
1275	417	0.026122	128
1276	731	0.026122	224
1277	522	0.026122	160
1278	522	0.026122	160
1279	417	0.026122	128
1280	417	0.026122	128
1281	417	0.026122	128
1282	522	0.026122	160
1283	417	0.026122	128
1284	417	0.026122	128
1285	417	0.026122	128
1286	417	0.026122	128
1287	417	0.026122	128
1288	522	0.026122	160
1289	417	0.026122	128
1290	417	0.026122	128
1291	522	0.026122	160
1292	417	0.026122	128
1293	417	0.026122	128
1294	417	0.026122	128
1295	417	0.026122	128
1296	417	0.026122	128
1297	522	0.026122	160
1298	417	0.026122	128
1299	417	0.026122	128
1300	417	0.026122	128
1301	417	0.026122	128
1302	417	0.026122	128
1303	417	0.026122	128
1304	417	0.026122	128
1305	365	0.026122	112
1306	417	0.026122	128
1307	417	0.026122	128
1308	365	0.026122	112
1309	417	0.026122	128
1310	417	0.026122	128
1311	365	0.026122	112
1312	417	0.026122	128
1313	365	0.026122	112
1314	417	0.026122	128
1315	365	0.026122	112
1316	365	0.026122	112
1317	365	0.026122	112
1318	417	0.026122	128
1319	313	0.026122	96
1320	365	0.026122	112
1321	417	0.026122	128
1322	313	0.026122	96
1323	365	0.026122	112
1324	365	0.026122	112
1325	365	0.026122	112
1326	365	0.026122	112
1327	522	0.026122	160
1328	626	0.026122	192
1329	522	0.026122	160
1330	417	0.026122	128
1331	417	0.026122	128
1332	522	0.026122	160
1333	417	0.026122	128
1334	417	0.026122	128
1335	417	0.026122	128
1336	417	0.026122	128
1337	522	0.026122	160
1338	417	0.026122	128
1339	417	0.026122	128
1340	417	0.026122	128
1341	417	0.026122	128
1342	417	0.026122	128
1343	417	0.026122	128
1344	417	0.026122	128
1345	417	0.026122	128
1346	626	0.026122	192
1347	731	0.026122	224
1348	417	0.026122	128
1349	417	0.026122	128
1350	417	0.026122	128
1351	522	0.026122	160
1352	417	0.026122	128
1353	417	0.026122	128
1354	417	0.026122	128
1355	522	0.026122	160
1356	417	0.026122	128
1357	417	0.026122	128
1358	522	0.026122	160
1359	417	0.026122	128
1360	417	0.026122	128
1361	417	0.026122	128
1362	417	0.026122	128
1363	417	0.026122	128
1364	417	0.026122	128
1365	522	0.026122	160
1366	417	0.026122	128
1367	417	0.026122	128
1368	417	0.026122	128
1369	417	0.026122	128
1370	417	0.026122	128
1371	417	0.026122	128
1372	417	0.026122	128
1373	417	0.026122	128
1374	522	0.026122	160
1375	417	0.026122	128
1376	417	0.026122	128
1377	522	0.026122	160
1378	417	0.026122	128
1379	417	0.026122	128
1380	522	0.026122	160
1381	417	0.026122	128
1382	417	0.026122	128
1383	522	0.026122	160
1384	417	0.026122	128
1385	417	0.026122	128
1386	417	0.026122	128
1387	417	0.026122	128
1388	417	0.026122	128
1389	417	0.026122	128
1390	522	0.026122	160
1391	417	0.026122	128
1392	417	0.026122	128
1393	417	0.026122	128
1394	417	0.026122	128
1395	417	0.026122	128
1396	417	0.026122	128
1397	365	0.026122	112
1398	626	0.026122	192
1399	522	0.026122	160
1400	417	0.026122	128
1401	417	0.026122	128
1402	417	0.026122	128
1403	417	0.026122	128
1404	417	0.026122	128
1405	626	0.026122	192
1406	417	0.026122	128
1407	417	0.026122	128
1408	522	0.026122	160
1409	417	0.026122	128
1410	417	0.026122	128
1411	522	0.026122	160
1412	417	0.026122	128
1413	417	0.026122	128
1414	417	0.026122	128
1415	417	0.026122	128
1416	417	0.026122	128
1417	731	0.026122	224
1418	522	0.026122	160
1419	417	0.026122	128
1420	522	0.026122	160
1421	417	0.026122	128
1422	417	0.026122	128
1423	522	0.026122	160
1424	417	0.026122	128
1425	417	0.026122	128
1426	522	0.026122	160
1427	417	0.026122	128
1428	417	0.026122	128
1429	417	0.026122	128
1430	417	0.026122	128
1431	522	0.026122	160
1432	417	0.026122	128
1433	417	0.026122	128
1434	522	0.026122	160
1435	417	0.026122	128
1436	522	0.026122	160
1437	417	0.026122	128
1438	417	0.026122	128
1439	417	0.026122	128
1440	522	0.026122	160
1441	417	0.026122	128
1442	522	0.026122	160
1443	522	0.026122	160
1444	522	0.026122	160
1445	522	0.026122	160
1446	417	0.026122	128
1447	417	0.026122	128
1448	522	0.026122	160
1449	417	0.026122	128
1450	522	0.026122	160
1451	417	0.026122	128
1452	417	0.026122	128
1453	522	0.026122	160
1454	522	0.026122	160
1455	417	0.026122	128
1456	522	0.026122	160
1457	417	0.026122	128
1458	417	0.026122	128
1459	522	0.026122	160
1460	417	0.026122	128
1461	522	0.026122	160
1462	417	0.026122	128
1463	417	0.026122	128
1464	522	0.026122	160
1465	522	0.026122	160
1466	417	0.026122	128
1467	417	0.026122	128
1468	522	0.026122	160
1469	417	0.026122	128
1470	522	0.026122	160
1471	417	0.026122	128
1472	417	0.026122	128
1473	522	0.026122	160
1474	417	0.026122	128
1475	522	0.026122	160
1476	417	0.026122	128
1477	417	0.026122	128
1478	522	0.026122	160
1479	417	0.026122	128
1480	522	0.026122	160
1481	417	0.026122	128
1482	522	0.026122	160
1483	417	0.026122	128
1484	417	0.026122	128
1485	417	0.026122	128
1486	417	0.026122	128
1487	417	0.026122	128
1488	417	0.026122	128
1489	522	0.026122	160
1490	417	0.026122	128
1491	417	0.026122	128
1492	522	0.026122	160
1493	417	0.026122	128
1494	417	0.026122	128
1495	417	0.026122	128
1496	522	0.026122	160
1497	417	0.026122	128
1498	417	0.026122	128
1499	417	0.026122	128
1500	522	0.026122	160
1501	417	0.026122	128
1502	417	0.026122	128
1503	417	0.026122	128
1504	522	0.026122	160
1505	417	0.026122	128
1506	417	0.026122	128
1507	417	0.026122	128
1508	417	0.026122	128
1509	417	0.026122	128
1510	417	0.026122	128
1511	417	0.026122	128
1512	417	0.026122	128
1513	417	0.026122	128
1514	417	0.026122	128
1515	417	0.026122	128
1516	417	0.026122	128
1517	417	0.026122	128
1518	522	0.026122	160
1519	417	0.026122	128
1520	522	0.026122	160
1521	417	0.026122	128
1522	522	0.026122	160
1523	417	0.026122	128
1524	417	0.026122	128
1525	417	0.026122	128
1526	522	0.026122	160
1527	417	0.026122	128
1528	417	0.026122	128
1529	522	0.026122	160
1530	417	0.026122	128
1531	417	0.026122	128
1532	417	0.026122	128
1533	417	0.026122	128
1534	626	0.026122	192
1535	522	0.026122	160
1536	522	0.026122	160
1537	417	0.026122	128
1538	522	0.026122	160
1539	417	0.026122	128
1540	417	0.026122	128
1541	417	0.026122	128
1542	417	0.026122	128
1543	417	0.026122	128
1544	417	0.026122	128
1545	417	0.026122	128
1546	417	0.026122	128
1547	417	0.026122	128
1548	417	0.026122	128
1549	835	0.026122	256
1550	417	0.026122	128
1551	417	0.026122	128
1552	417	0.026122	128
1553	417	0.026122	128
1554	522	0.026122	160
1555	417	0.026122	128
1556	417	0.026122	128
1557	417	0.026122	128
1558	417	0.026122	128
1559	417	0.026122	128
1560	522	0.026122	160
1561	417	0.026122	128
1562	417	0.026122	128
1563	417	0.026122	128
1564	522	0.026122	160
1565	417	0.026122	128
1566	417	0.026122	128
1567	522	0.026122	160
1568	417	0.026122	128
1569	417	0.026122	128
1570	417	0.026122	128
1571	522	0.026122	160
1572	417	0.026122	128
1573	417	0.026122	128
1574	417	0.026122	128
1575	522	0.026122	160
1576	417	0.026122	128
1577	522	0.026122	160
1578	417	0.026122	128
1579	417	0.026122	128
1580	417	0.026122	128
1581	417	0.026122	128
1582	417	0.026122	128
1583	522	0.026122	160
1584	417	0.026122	128
1585	522	0.026122	160
1586	417	0.026122	128
1587	1044	0.026122	320
1588	417	0.026122	128
1589	835	0.026122	256
1590	522	0.026122	160
1591	417	0.026122	128
1592	417	0.026122	128
1593	522	0.026122	160
1594	417	0.026122	128
1595	417	0.026122	128
1596	522	0.026122	160
1597	417	0.026122	128
1598	522	0.026122	160
1599	417	0.026122	128
1600	522	0.026122	160
1601	417	0.026122	128
1602	522	0.026122	160
1603	417	0.026122	128
1604	522	0.026122	160
1605	417	0.026122	128
1606	522	0.026122	160
1607	417	0.026122	128
1608	417	0.026122	128
1609	522	0.026122	160
1610	522	0.026122	160
1611	417	0.026122	128
1612	522	0.026122	160
1613	417	0.026122	128
1614	522	0.026122	160
1615	417	0.026122	128
1616	417	0.026122	128
1617	522	0.026122	160
1618	417	0.026122	128
1619	417	0.026122	128
1620	522	0.026122	160
1621	417	0.026122	128
1622	417	0.026122	128
1623	522	0.026122	160
1624	417	0.026122	128
1625	417	0.026122	128
1626	417	0.026122	128
1627	417	0.026122	128
1628	417	0.026122	128
1629	417	0.026122	128
1630	522	0.026122	160
1631	417	0.026122	128
1632	522	0.026122	160
1633	417	0.026122	128
1634	522	0.026122	160
1635	417	0.026122	128
1636	417	0.026122	128
1637	522	0.026122	160
1638	417	0.026122	128
1639	417	0.026122	128
1640	522	0.026122	160
1641	522	0.026122	160
1642	417	0.026122	128
1643	417	0.026122	128
1644	522	0.026122	160
1645	417	0.026122	128
1646	417	0.026122	128
1647	417	0.026122	128
1648	522	0.026122	160
1649	417	0.026122	128
1650	522	0.026122	160
1651	417	0.026122	128
1652	417	0.026122	128
1653	417	0.026122	128
1654	522	0.026122	160
1655	417	0.026122	128
1656	417	0.026122	128
1657	522	0.026122	160
1658	417	0.026122	128
1659	417	0.026122	128
1660	417	0.026122	128
1661	417	0.026122	128
1662	417	0.026122	128
1663	417	0.026122	128
1664	417	0.026122	128
1665	417	0.026122	128
1666	417	0.026122	128
1667	417	0.026122	128
1668	731	0.026122	224
1669	417	0.026122	128
1670	522	0.026122	160
1671	417	0.026122	128
1672	417	0.026122	128
1673	417	0.026122	128
1674	417	0.026122	128
1675	417	0.026122	128
1676	365	0.026122	112
1677	417	0.026122	128
1678	731	0.026122	224
1679	417	0.026122	128
1680	731	0.026122	224
1681	417	0.026122	128
1682	417	0.026122	128
1683	522	0.026122	160
1684	417	0.026122	128
1685	417	0.026122	128
1686	417	0.026122	128
1687	522	0.026122	160
1688	417	0.026122	128
1689	417	0.026122	128
1690	522	0.026122	160
1691	417	0.026122	128
1692	522	0.026122	160
1693	417	0.026122	128
1694	522	0.026122	160
1695	417	0.026122	128
1696	417	0.026122	128
1697	522	0.026122	160
1698	417	0.026122	128
1699	522	0.026122	160
1700	417	0.026122	128
1701	522	0.026122	160
1702	417	0.026122	128
1703	522	0.026122	160
1704	417	0.026122	128
1705	417	0.026122	128
1706	417	0.026122	128
1707	522	0.026122	160
1708	417	0.026122	128
1709	417	0.026122	128
1710	417	0.026122	128
1711	417	0.026122	128
1712	417	0.026122	128
1713	417	0.026122	128
1714	417	0.026122	128
1715	417	0.026122	128
1716	522	0.026122	160
1717	417	0.026122	128
1718	417	0.026122	128
1719	522	0.026122	160
1720	417	0.026122	128
1721	417	0.026122	128
1722	417	0.026122	128
1723	417	0.026122	128
1724	522	0.026122	160
1725	417	0.026122	128
1726	417	0.026122	128
1727	417	0.026122	128
1728	522	0.026122	160
1729	417	0.026122	128
1730	417	0.026122	128
1731	417	0.026122	128
1732	417	0.026122	128
1733	522	0.026122	160
1734	417	0.026122	128
1735	417	0.026122	128
1736	417	0.026122	128
1737	522	0.026122	160
1738	417	0.026122	128
1739	522	0.026122	160
1740	417	0.026122	128
1741	522	0.026122	160
1742	417	0.026122	128
1743	522	0.026122	160
1744	365	0.026122	112
1745	417	0.026122	128
1746	417	0.026122	128
1747	522	0.026122	160
1748	417	0.026122	128
1749	417	0.026122	128
1750	417	0.026122	128
1751	522	0.026122	160
1752	417	0.026122	128
1753	417	0.026122	128
1754	417	0.026122	128
1755	417	0.026122	128
1756	417	0.026122	128
1757	417	0.026122	128
1758	522	0.026122	160
1759	417	0.026122	128
1760	417	0.026122	128
1761	417	0.026122	128
1762	417	0.026122	128
1763	417	0.026122	128
1764	417	0.026122	128
1765	417	0.026122	128
1766	417	0.026122	128
1767	522	0.026122	160
1768	417	0.026122	128
1769	417	0.026122	128
1770	417	0.026122	128
1771	417	0.026122	128
1772	522	0.026122	160
1773	417	0.026122	128
1774	417	0.026122	128
1775	417	0.026122	128
1776	417	0.026122	128
1777	417	0.026122	128
1778	522	0.026122	160
1779	417	0.026122	128
1780	417	0.026122	128
1781	417	0.026122	128
1782	417	0.026122	128
1783	365	0.026122	112
1784	417	0.026122	128
1785	365	0.026122	112
1786	365	0.026122	112
1787	417	0.026122	128
1788	365	0.026122	112
1789	365	0.026122	112
1790	365	0.026122	112
1791	417	0.026122	128
1792	417	0.026122	128
1793	417	0.026122	128
1794	417	0.026122	128
1795	417	0.026122	128
1796	417	0.026122	128
1797	365	0.026122	112
1798	417	0.026122	128
1799	365	0.026122	112
1800	417	0.026122	128
1801	365	0.026122	112
1802	417	0.026122	128
1803	365	0.026122	112
1804	417	0.026122	128
1805	365	0.026122	112
1806	365	0.026122	112
1807	417	0.026122	128
1808	365	0.026122	112
1809	365	0.026122	112
1810	365	0.026122	112
1811	417	0.026122	128
1812	365	0.026122	112
1813	417	0.026122	128
1814	313	0.026122	96
1815	365	0.026122	112
1816	417	0.026122	128
1817	417	0.026122	128
1818	365	0.026122	112
1819	417	0.026122	128
1820	417	0.026122	128
1821	365	0.026122	112
1822	365	0.026122	112
1823	417	0.026122	128
1824	417	0.026122	128
1825	365	0.026122	112
1826	417	0.026122	128
1827	417	0.026122	128
1828	417	0.026122	128
1829	417	0.026122	128
1830	417	0.026122	128
1831	417	0.026122	128
1832	417	0.026122	128
1833	417	0.026122	128
1834	417	0.026122	128
1835	417	0.026122	128
1836	522	0.026122	160
1837	417	0.026122	128
1838	417	0.026122	128
1839	417	0.026122	128
1840	417	0.026122	128
1841	417	0.026122	128
1842	522	0.026122	160
1843	417	0.026122	128
1844	417	0.026122	128
1845	417	0.026122	128
1846	417	0.026122	128
1847	522	0.026122	160
1848	417	0.026122	128
1849	417	0.026122	128
1850	417	0.026122	128
1851	417	0.026122	128
1852	417	0.026122	128
1853	417	0.026122	128
1854	522	0.026122	160
1855	417	0.026122	128
1856	417	0.026122	128
1857	522	0.026122	160
1858	417	0.026122	128
1859	417	0.026122	128
1860	522	0.026122	160
1861	417	0.026122	128
1862	417	0.026122	128
1863	522	0.026122	160
1864	417	0.026122	128
1865	522	0.026122	160
1866	417	0.026122	128
1867	417	0.026122	128
1868	522	0.026122	160
1869	417	0.026122	128
1870	522	0.026122	160
1871	417	0.026122	128
1872	522	0.026122	160
1873	417	0.026122	128
1874	522	0.026122	160
1875	417	0.026122	128
1876	522	0.026122	160
1877	417	0.026122	128
1878	522	0.026122	160
1879	417	0.026122	128
1880	522	0.026122	160
1881	417	0.026122	128
1882	417	0.026122	128
1883	522	0.026122	160
1884	417	0.026122	128
1885	522	0.026122	160
1886	417	0.026122	128
1887	417	0.026122	128
1888	417	0.026122	128
1889	522	0.026122	160
1890	417	0.026122	128
1891	417	0.026122	128
1892	522	0.026122	160
1893	417	0.026122	128
1894	522	0.026122	160
1895	417	0.026122	128
1896	417	0.026122	128
1897	417	0.026122	128
1898	417	0.026122	128
1899	417	0.026122	128
1900	417	0.026122	128
1901	522	0.026122	160
1902	417	0.026122	128
1903	417	0.026122	128
1904	522	0.026122	160
1905	417	0.026122	128
1906	522	0.026122	160
1907	417	0.026122	128
1908	522	0.026122	160
1909	417	0.026122	128
1910	522	0.026122	160
1911	417	0.026122	128
1912	417	0.026122	128
1913	417	0.026122	128
1914	522	0.026122	160
1915	417	0.026122	128
1916	417	0.026122	128
1917	522	0.026122	160
1918	417	0.026122	128
1919	417	0.026122	128
1920	522	0.026122	160
1921	417	0.026122	128
1922	522	0.026122	160
1923	417	0.026122	128
1924	417	0.026122	128
1925	417	0.026122	128
1926	417	0.026122	128
1927	417	0.026122	128
1928	417	0.026122	128
1929	417	0.026122	128
1930	417	0.026122	128
1931	522	0.026122	160
1932	365	0.026122	112
1933	417	0.026122	128
1934	417	0.026122	128
1935	417	0.026122	128
1936	417	0.026122	128
1937	417	0.026122	128
1938	417	0.026122	128
1939	417	0.026122	128
1940	522	0.026122	160
1941	417	0.026122	128
1942	417	0.026122	128
1943	417	0.026122	128
1944	417	0.026122	128
1945	417	0.026122	128
1946	417	0.026122	128
1947	522	0.026122	160
1948	417	0.026122	128
1949	417	0.026122	128
1950	417	0.026122	128
1951	417	0.026122	128
1952	417	0.026122	128
1953	417	0.026122	128
1954	417	0.026122	128
1955	522	0.026122	160
1956	417	0.026122	128
1957	417	0.026122	128
1958	417	0.026122	128
1959	522	0.026122	160
1960	417	0.026122	128
1961	417	0.026122	128
1962	417	0.026122	128
1963	417	0.026122	128
1964	417	0.026122	128
1965	417	0.026122	128
1966	417	0.026122	128
1967	417	0.026122	128
1968	417	0.026122	128
1969	417	0.026122	128
1970	417	0.026122	128
1971	417	0.026122	128
1972	417	0.026122	128
1973	417	0.026122	128
1974	522	0.026122	160
1975	417	0.026122	128
1976	417	0.026122	128
1977	417	0.026122	128
1978	417	0.026122	128
1979	522	0.026122	160
1980	417	0.026122	128
1981	417	0.026122	128
1982	417	0.026122	128
1983	417	0.026122	128
1984	417	0.026122	128
1985	417	0.026122	128
1986	417	0.026122	128
1987	417	0.026122	128
1988	417	0.026122	128
1989	522	0.026122	160
1990	417	0.026122	128
1991	522	0.026122	160
1992	417	0.026122	128
1993	417	0.026122	128
1994	417	0.026122	128
1995	417	0.026122	128
1996	417	0.026122	128
1997	417	0.026122	128
1998	522	0.026122	160
1999	417	0.026122	128
2000	417	0.026122	128
2001	417	0.026122	128
2002	417	0.026122	128
2003	522	0.026122	160
2004	417	0.026122	128
2005	417	0.026122	128
2006	417	0.026122	128
2007	522	0.026122	160
2008	417	0.026122	128
2009	417	0.026122	128
2010	417	0.026122	128
2011	417	0.026122	128
2012	417	0.026122	128
2013	417	0.026122	128
2014	417	0.026122	128
2015	417	0.026122	128
2016	522	0.026122	160
2017	417	0.026122	128
2018	417	0.026122	128
2019	417	0.026122	128
2020	417	0.026122	128
2021	417	0.026122	128
2022	522	0.026122	160
2023	417	0.026122	128
2024	522	0.026122	160
2025	417	0.026122	128
2026	417	0.026122	128
2027	522	0.026122	160
2028	417	0.026122	128
2029	417	0.026122	128
2030	522	0.026122	160
2031	417	0.026122	128
2032	417	0.026122	128
2033	522	0.026122	160
2034	417	0.026122	128
2035	417	0.026122	128
2036	417	0.026122	128
2037	417	0.026122	128
2038	417	0.026122	128
2039	417	0.026122	128
2040	417	0.026122	128
2041	417	0.026122	128
2042	417	0.026122	128
2043	417	0.026122	128
2044	417	0.026122	128
2045	522	0.026122	160
2046	522	0.026122	160
2047	522	0.026122	160
2048	417	0.026122	128
2049	417	0.026122	128
2050	522	0.026122	160
2051	417	0.026122	128
2052	417	0.026122	128
2053	522	0.026122	160
2054	417	0.026122	128
2055	417	0.026122	128
2056	417	0.026122	128
2057	417	0.026122	128
2058	417	0.026122	128
2059	522	0.026122	160
2060	417	0.026122	128
2061	522	0.026122	160
2062	417	0.026122	128
2063	522	0.026122	160
2064	417	0.026122	128
2065	417	0.026122	128
2066	417	0.026122	128
2067	417	0.026122	128
2068	522	0.026122	160
2069	417	0.026122	128
2070	417	0.026122	128
2071	522	0.026122	160
2072	417	0.026122	128
2073	417	0.026122	128
2074	417	0.026122	128
2075	417	0.026122	128
2076	522	0.026122	160
2077	417	0.026122	128
2078	417	0.026122	128
2079	522	0.026122	160
2080	417	0.026122	128
2081	522	0.026122	160
2082	522	0.026122	160
2083	417	0.026122	128
2084	417	0.026122	128
2085	417	0.026122	128
2086	417	0.026122	128
2087	522	0.026122	160
2088	522	0.026122	160
2089	417	0.026122	128
2090	417	0.026122	128
2091	522	0.026122	160
2092	626	0.026122	192
2093	522	0.026122	160
2094	417	0.026122	128
2095	522	0.026122	160
2096	417	0.026122	128
2097	417	0.026122	128
2098	417	0.026122	128
2099	417	0.026122	128
2100	522	0.026122	160
2101	417	0.026122	128
2102	626	0.026122	192
2103	417	0.026122	128
2104	417	0.026122	128
2105	522	0.026122	160
2106	417	0.026122	128
2107	522	0.026122	160
2108	417	0.026122	128
2109	731	0.026122	224
2110	417	0.026122	128
2111	731	0.026122	224
2112	417	0.026122	128
2113	417	0.026122	128
2114	522	0.026122	160
2115	417	0.026122	128
2116	417	0.026122	128
2117	522	0.026122	160
2118	417	0.026122	128
2119	417	0.026122	128
2120	626	0.026122	192
2121	522	0.026122	160
2122	731	0.026122	224
2123	522	0.026122	160
2124	522	0.026122	160
2125	417	0.026122	128
2126	417	0.026122	128
2127	522	0.026122	160
2128	417	0.026122	128
2129	417	0.026122	128
2130	522	0.026122	160
2131	417	0.026122	128
2132	417	0.026122	128
2133	522	0.026122	160
2134	731	0.026122	224
2135	417	0.026122	128
2136	522	0.026122	160
2137	417	0.026122	128
2138	417	0.026122	128
2139	417	0.026122	128
2140	522	0.026122	160
2141	417	0.026122	128
2142	522	0.026122	160
2143	417	0.026122	128
2144	626	0.026122	192
2145	731	0.026122	224
2146	417	0.026122	128
2147	522	0.026122	160
2148	417	0.026122	128
2149	417	0.026122	128
2150	417	0.026122	128
2151	417	0.026122	128
2152	417	0.026122	128
2153	626	0.026122	192
2154	522	0.026122	160
2155	522	0.026122	160
2156	417	0.026122	128
2157	417	0.026122	128
2158	417	0.026122	128
2159	417	0.026122	128
2160	417	0.026122	128
2161	522	0.026122	160
2162	731	0.026122	224
2163	417	0.026122	128
2164	522	0.026122	160
2165	522	0.026122	160
2166	417	0.026122	128
2167	417	0.026122	128
2168	417	0.026122	128
2169	417	0.026122	128
2170	522	0.026122	160
2171	522	0.026122	160
2172	522	0.026122	160
2173	417	0.026122	128
2174	522	0.026122	160
2175	522	0.026122	160
2176	417	0.026122	128
2177	522	0.026122	160
2178	417	0.026122	128
2179	417	0.026122	128
2180	417	0.026122	128
2181	417	0.026122	128
2182	522	0.026122	160
2183	626	0.026122	192
2184	731	0.026122	224
2185	522	0.026122	160
2186	417	0.026122	128
2187	522	0.026122	160
2188	417	0.026122	128
2189	417	0.026122	128
2190	417	0.026122	128
2191	522	0.026122	160
2192	417	0.026122	128
2193	522	0.026122	160
2194	417	0.026122	128
2195	417	0.026122	128
2196	522	0.026122	160
2197	731	0.026122	224
2198	835	0.026122	256
2199	1044	0.026122	320
2200	522	0.026122	160
2201	417	0.026122	128
2202	522	0.026122	160
2203	417	0.026122	128
2204	417	0.026122	128
2205	522	0.026122	160
2206	417	0.026122	128
2207	522	0.026122	160
2208	522	0.026122	160
2209	522	0.026122	160
2210	417	0.026122	128
2211	522	0.026122	160
2212	417	0.026122	128
2213	417	0.026122	128
2214	417	0.026122	128
2215	417	0.026122	128
2216	522	0.026122	160
2217	417	0.026122	128
2218	417	0.026122	128
2219	417	0.026122	128
2220	522	0.026122	160
2221	417	0.026122	128
2222	417	0.026122	128
2223	417	0.026122	128
2224	417	0.026122	128
2225	417	0.026122	128
2226	522	0.026122	160
2227	417	0.026122	128
2228	417	0.026122	128
2229	417	0.026122	128
2230	417	0.026122	128
2231	417	0.026122	128
2232	522	0.026122	160
2233	417	0.026122	128
2234	417	0.026122	128
2235	417	0.026122	128
2236	417	0.026122	128
2237	522	0.026122	160
2238	417	0.026122	128
2239	417	0.026122	128
2240	417	0.026122	128
2241	417	0.026122	128
2242	417	0.026122	128
2243	522	0.026122	160
2244	417	0.026122	128
2245	417	0.026122	128
2246	522	0.026122	160
2247	417	0.026122	128
2248	417	0.026122	128
2249	417	0.026122	128
2250	522	0.026122	160
2251	522	0.026122	160
2252	365	0.026122	112
2253	417	0.026122	128
2254	417	0.026122	128
2255	417	0.026122	128
2256	522	0.026122	160
2257	417	0.026122	128
2258	417	0.026122	128
2259	417	0.026122	128
2260	417	0.026122	128
2261	417	0.026122	128
2262	522	0.026122	160
2263	417	0.026122	128
2264	417	0.026122	128
2265	522	0.026122	160
2266	417	0.026122	128
2267	417	0.026122	128
2268	417	0.026122	128
2269	417	0.026122	128
2270	417	0.026122	128
2271	417	0.026122	128
2272	417	0.026122	128
2273	522	0.026122	160
2274	417	0.026122	128
2275	417	0.026122	128
2276	417	0.026122	128
2277	417	0.026122	128
2278	417	0.026122	128
2279	522	0.026122	160
2280	417	0.026122	128
2281	417	0.026122	128
2282	417	0.026122	128
2283	417	0.026122	128
2284	417	0.026122	128
2285	522	0.026122	160
2286	417	0.026122	128
2287	417	0.026122	128
2288	417	0.026122	128
2289	417	0.026122	128
2290	522	0.026122	160
2291	417	0.026122	128
2292	417	0.026122	128
2293	522	0.026122	160
2294	417	0.026122	128
2295	417	0.026122	128
2296	417	0.026122	128
2297	417	0.026122	128
2298	417	0.026122	128
2299	417	0.026122	128
2300	417	0.026122	128
2301	417	0.026122	128
2302	522	0.026122	160
2303	417	0.026122	128
2304	417	0.026122	128
2305	522	0.026122	160
2306	417	0.026122	128
2307	417	0.026122	128
2308	417	0.026122	128
2309	417	0.026122	128
2310	417	0.026122	128
2311	522	0.026122	160
2312	417	0.026122	128
2313	417	0.026122	128
2314	417	0.026122	128
2315	417	0.026122	128
2316	522	0.026122	160
2317	417	0.026122	128
2318	417	0.026122	128
2319	417	0.026122	128
2320	417	0.026122	128
2321	417	0.026122	128
2322	522	0.026122	160
2323	417	0.026122	128
2324	522	0.026122	160
2325	522	0.026122	160
2326	417	0.026122	128
2327	522	0.026122	160
2328	417	0.026122	128
2329	417	0.026122	128
2330	417	0.026122	128
2331	417	0.026122	128
2332	417	0.026122	128
2333	522	0.026122	160
2334	417	0.026122	128
2335	522	0.026122	160
2336	417	0.026122	128
2337	522	0.026122	160
2338	417	0.026122	128
2339	417	0.026122	128
2340	417	0.026122	128
2341	417	0.026122	128
2342	417	0.026122	128
2343	522	0.026122	160
2344	417	0.026122	128
2345	522	0.026122	160
2346	731	0.026122	224
2347	417	0.026122	128
2348	522	0.026122	160
2349	417	0.026122	128
2350	417	0.026122	128
2351	522	0.026122	160
2352	417	0.026122	128
2353	417	0.026122	128
2354	417	0.026122	128
2355	417	0.026122	128
2356	417	0.026122	128
2357	417	0.026122	128
2358	522	0.026122	160
2359	417	0.026122	128
2360	417	0.026122	128
2361	417	0.026122	128
2362	522	0.026122	160
2363	417	0.026122	128
2364	417	0.026122	128
2365	522	0.026122	160
2366	522	0.026122	160
2367	417	0.026122	128
2368	522	0.026122	160
2369	417	0.026122	128
2370	417	0.026122	128
2371	417	0.026122	128
2372	417	0.026122	128
2373	522	0.026122	160
2374	417	0.026122	128
2375	417	0.026122	128
2376	417	0.026122	128
2377	417	0.026122	128
2378	522	0.026122	160
2379	417	0.026122	128
2380	417	0.026122	128
2381	522	0.026122	160
2382	417	0.026122	128
2383	417	0.026122	128
2384	522	0.026122	160
2385	417	0.026122	128
2386	417	0.026122	128
2387	417	0.026122	128
2388	522	0.026122	160
2389	417	0.026122	128
2390	1044	0.026122	320
2391	835	0.026122	256
2392	417	0.026122	128
2393	417	0.026122	128
2394	417	0.026122	128
2395	417	0.026122	128
2396	417	0.026122	128
2397	417	0.026122	128
2398	417	0.026122	128
2399	417	0.026122	128
2400	626	0.026122	192
2401	522	0.026122	160
2402	417	0.026122	128
2403	522	0.026122	160
2404	417	0.026122	128
2405	417	0.026122	128
2406	417	0.026122	128
2407	731	0.026122	224
2408	417	0.026122	128
2409	417	0.026122	128
2410	417	0.026122	128
2411	417	0.026122	128
2412	417	0.026122	128
2413	417	0.026122	128
2414	522	0.026122	160
2415	417	0.026122	128
2416	417	0.026122	128
2417	417	0.026122	128
2418	417	0.026122	128
2419	417	0.026122	128
2420	417	0.026122	128
2421	522	0.026122	160
2422	731	0.026122	224
2423	417	0.026122	128
2424	522	0.026122	160
2425	417	0.026122	128
2426	417	0.026122	128
2427	417	0.026122	128
2428	417	0.026122	128
2429	417	0.026122	128
2430	417	0.026122	128
2431	417	0.026122	128
2432	417	0.026122	128
2433	522	0.026122	160
2434	522	0.026122	160
2435	417	0.026122	128
2436	417	0.026122	128
2437	522	0.026122	160
2438	417	0.026122	128
2439	522	0.026122	160
2440	417	0.026122	128
2441	417	0.026122	128
2442	417	0.026122	128
2443	417	0.026122	128
2444	417	0.026122	128
2445	522	0.026122	160
2446	417	0.026122	128
2447	417	0.026122	128
2448	417	0.026122	128
2449	522	0.026122	160
2450	417	0.026122	128
2451	522	0.026122	160
2452	417	0.026122	128
2453	626	0.026122	192
2454	1044	0.026122	320
2455	626	0.026122	192
2456	417	0.026122	128
2457	417	0.026122	128
2458	417	0.026122	128
2459	417	0.026122	128
2460	417	0.026122	128
2461	417	0.026122	128
2462	417	0.026122	128
2463	417	0.026122	128
2464	522	0.026122	160
2465	835	0.026122	256
2466	417	0.026122	128
2467	522	0.026122	160
2468	417	0.026122	128
2469	417	0.026122	128
2470	522	0.026122	160
2471	417	0.026122	128
2472	417	0.026122	128
2473	417	0.026122	128
2474	417	0.026122	128
2475	417	0.026122	128
2476	731	0.026122	224
2477	626	0.026122	192
2478	417	0.026122	128
2479	522	0.026122	160
2480	417	0.026122	128
2481	417	0.026122	128
2482	417	0.026122	128
2483	417	0.026122	128
2484	417	0.026122	128
2485	522	0.026122	160
2486	417	0.026122	128
2487	417	0.026122	128
2488	417	0.026122	128
2489	417	0.026122	128
2490	417	0.026122	128
2491	417	0.026122	128
2492	417	0.026122	128
2493	522	0.026122	160
2494	417	0.026122	128
2495	417	0.026122	128
2496	417	0.026122	128
2497	417	0.026122	128
2498	522	0.026122	160
2499	417	0.026122	128
2500	417	0.026122	128
2501	417	0.026122	128
2502	417	0.026122	128
2503	522	0.026122	160
2504	417	0.026122	128
2505	417	0.026122	128
2506	522	0.026122	160
2507	626	0.026122	192
2508	522	0.026122	160
2509	417	0.026122	128
2510	417	0.026122	128
2511	417	0.026122	128
2512	417	0.026122	128
2513	417	0.026122	128
2514	417	0.026122	128
2515	522	0.026122	160
2516	417	0.026122	128
2517	417	0.026122	128
2518	522	0.026122	160
2519	417	0.026122	128
2520	522	0.026122	160
2521	417	0.026122	128
2522	417	0.026122	128
2523	417	0.026122	128
2524	522	0.026122	160
2525	626	0.026122	192
2526	417	0.026122	128
2527	417	0.026122	128
2528	522	0.026122	160
2529	417	0.026122	128
2530	522	0.026122	160
2531	365	0.026122	112
2532	417	0.026122	128
2533	417	0.026122	128
2534	417	0.026122	128
2535	417	0.026122	128
2536	522	0.026122	160
2537	417	0.026122	128
2538	417	0.026122	128
2539	626	0.026122	192
2540	417	0.026122	128
2541	417	0.026122	128
2542	522	0.026122	160
2543	417	0.026122	128
2544	417	0.026122	128
2545	417	0.026122	128
2546	417	0.026122	128
2547	522	0.026122	160
2548	417	0.026122	128
2549	731	0.026122	224
2550	626	0.026122	192
2551	522	0.026122	160
2552	417	0.026122	128
2553	417	0.026122	128
2554	417	0.026122	128
2555	417	0.026122	128
2556	417	0.026122	128
2557	417	0.026122	128
2558	417	0.026122	128
2559	522	0.026122	160
2560	417	0.026122	128
2561	417	0.026122	128
2562	626	0.026122	192
2563	731	0.026122	224
2564	626	0.026122	192
2565	731	0.026122	224
2566	417	0.026122	128
2567	417	0.026122	128
2568	417	0.026122	128
2569	365	0.026122	112
2570	522	0.026122	160
2571	417	0.026122	128
2572	417	0.026122	128
2573	417	0.026122	128
2574	417	0.026122	128
2575	417	0.026122	128
2576	522	0.026122	160
2577	417	0.026122	128
2578	417	0.026122	128
2579	522	0.026122	160
2580	417	0.026122	128
2581	417	0.026122	128
2582	522	0.026122	160
2583	417	0.026122	128
2584	417	0.026122	128
2585	417	0.026122	128
2586	365	0.026122	112
2587	417	0.026122	128
2588	365	0.026122	112
2589	365	0.026122	112
2590	365	0.026122	112
2591	417	0.026122	128
2592	626	0.026122	192
2593	417	0.026122	128
2594	522	0.026122	160
2595	417	0.026122	128
2596	417	0.026122	128
2597	417	0.026122	128
2598	417	0.026122	128
2599	417	0.026122	128
2600	417	0.026122	128
2601	417	0.026122	128
2602	417	0.026122	128
